name,tier,color,stackmax,disabled_by_mod,overrides,orig_mod,drop_as_lump,crack,has_dust,has_block,is_metall,is_mineral,has_nugget,has_rich,is_gemstone,is_lump_gemstone,in_desert,has_brick,has_bar_block,scarcity,num_ores,clust_size,y_min,y_max,has_lump,has_bar,lump_cooking_time,has_pick,has_axe,has_sword,has_shovel,has_spear,has_bow,tool_stick,tool_cotton,has_helmet,has_chestplate,has_leggings,has_boots,has_shield
default,,,,,,,,,,,,,,,,,,,,,,,,,,,,,,,,,,,,,,,,
unobtanium,8,0B2108C0,,,,,1,6,1,,8,,3,,,,,,,17,3,3,-31000,-8700,1,1,96,,,,,,,,,,,,,
tungsten,5,7C9871D0,,,,,1,4,1,,5,,3,,,,,,,14,4,4,-31000,-750,1,1,42,,,,,,,,,,,,,
palladium,6,AC976FD0,,,,,1,5,1,1,6,,3,,,,,,,14,5,4,-31000,-3700,1,1,58,1,1,1,,,,minerdream:expensivestick,,1,1,1,1,1
adamantite,6,AA2435D0,,,,,1,5,1,,6,,3,,,,,,,14,4,3,-31000,-2300,1,1,58,,,,,,,,,,,,,
orichalcum,8,903F86D0,,,,,1,6,1,1,8,,3,,,,,1,,17,3,3,-31000,-6500,1,1,86,1,1,1,,1,,minerdream:expensivestick,,1,1,1,1,1
rarium,7,D95000D0,,,,,1,6,1,1,7,,3,,,,,1,,16,2,3,-31000,-5000,1,1,72,1,1,1,,1,,minerdream:expensivestick,,1,1,1,1,1
osmium,7,1D4144D0,,,,,1,6,1,1,7,,3,,,,,,,16,3,3,-31000,-2500,1,1,64,1,1,1,,1,,minerdream:expensivestick,steel_wire,1,1,1,1,1
rhodium,6,A4987DD0,,,,,1,5,1,1,6,,3,,,,,3,3,16,3,3,-31000,-1500,1,1,64,1,1,1,,1,1,minerdream:expensivestick,steel_wire,1,1,1,1,1
calcium,1,87A9AFD0,,,,,1,2,1,1,1,,3,,,,,3,3,12,5,2,-31000,420,1,1,2,,,,,,,,,,,,,
tantalum,6,594967D0,,,,,1,5,1,1,6,,3,,,,,3,3,16,3,3,-31000,-1500,1,1,64,1,1,1,,1,1,minerdream:expensivestick,steel_wire,1,1,1,1,1
ruthenium,5,835749D0,,,,,1,4,1,1,5,,3,,,,,3,3,15,3,3,-31000,-500,1,1,32,1,1,1,1,1,1,minerdream:steelstick,steel_wire,1,1,1,1,1
cobalt,5,3F7390D0,,,,,1,4,1,1,5,,3,,,,,3,3,15,3,3,-31000,-500,1,1,32,1,1,1,1,1,1,minerdream:steelstick,steel_wire,1,1,1,1,1
platinum,4,A5B49DD0,,,,,1,1,1,1,4,,3,,,,,3,3,14,4,3,-31000,-300,1,1,16,1,1,1,1,1,1,,,1,1,1,1,1
aluminum,4,B2C0C2D0,,aluminum,,,1,1,1,1,4,,5,,,,,3,3,14,4,3,-31000,-250,1,1,32,1,1,1,1,1,1,,,1,1,1,1,1
titanium,4,a82f32d0,,,,,1,1,1,1,4,,3,,,,,,,14,3,5,-31000,-225,1,1,8,,,,,,,,,,,,,
lithium,2,c4b16ed0,,,,,1,1,1,1,2,,3,,,,,,,14,5,3,-31000,-100,1,1,5,,,,,,,,,,,,,
zinc,2,ADAD8ED0,,,technic:mineral_zinc,,1,1,1,1,2,,3,,,,,3,3,14,7,3,-31000,-50,1,1,4,,,,,,1,,,,,,,
lead,3,2f3743D0,,,technic:mineral_lead,,1,2,1,1,3,,5,,,,,3,3,13,7,3,-31000,-70,1,1,4,1,1,1,1,1,1,,,1,1,1,1,1
mithril,3,33ad30d0,,,moreores:mineral_mithril,,1,2,1,,3,,3,,,,,,,14,1,5,-31000,-512,1,1,5,,,,,,,,,,,,,
silver,3,A9BEC2D0,,,moreores:mineral_silver,,1,2,1,1,3,,3,,,,,3,3,14,3,2,-31000,-64,1,1,8,,,,,1,1,,,,,,,
potassium,1,9b9b9bD0,,,,,1,3,1,1,,1,3,,,,,3,3,12,7,3,-31000,420,1,1,2,,,,,,1,,,,,,,
nickel,2,A5AA8CD0,,,,,1,2,1,1,2,,2,,,,,3,3,13,7,3,-31000,-40,1,1,4,1,1,1,1,1,1,,,1,1,1,1,1
flint,1,,,,,default,,,,,,,,,,,,,,,,,,,,,,1,1,1,1,1,,,,1,1,1,1,1
tin,2,,,,,technic,,,,,2,,,,,,,3,3,,,,,,,,,,,,,,,,,,,,,
gold,3,,,,,default,,,,,3,,,,,,,3,3,,,,,,,,,,,,,1,1,,,,,,,
copper,2,,,,,default,,,,,2,,,,,,,3,3,,,,,,,,,,,,,,1,,,,,,,
steel,2,,,,,default,,,,,2,,,,,,,,3,,,,,,,,,,,,,1,1,,,,,,,
diamond,3,,,,,,,,,,3,,,,,,,,,,,,,,,,,,,,,1,1,,,,,,,
mese,3,,,,,,,,,,,,,,,,,,,,,,,,,,,,,,,1,1,,,,,,,
stainlesssteel,2,,,,,,,,,,2,,,,,,,,,,,,,,,,,1,1,1,1,1,1,,,1,1,1,1,1
brass,,baa52c,,,,,,,,3,,,,,,,,3,3,,,,,,,,,,,,,,,,,,,,,
sulfur,2,E89700D0,,,technic:mineral_sulfur,,1,3,,,,2,3,,,,1,,,,,,,,1,,,,,,,,,,,,,,,
lapislazuli,2,,200,,,,,3,,3,,2,,,,1,1,3,,,,,,,1,,,,,,,,,,,,,,,
saltpeter,2,FFC90ED0,200,,,,1,3,1,,,2,3,,,,1,,,15,5,2,-31000,420,1,,,,,,,,,,,,,,,
spinel,6,,200,,,,,5,,1,,6,,,,1,,3,,16,1,1,-31000,-1700,,,,,,,,,,,,,,,,
garnet,5,,200,,,,,4,,1,,5,,,,1,,3,,15,1,1,-31000,-650,,,,,,,,,,,,,,,,
bituminous_coal,5,,,,,,,4,,,,,,,,,,,,13,10,3,-31000,-500,1,,,,,,,,,,,,,,,
jade,5,,200,,,,,4,,1,,5,,,,1,,3,,15,1,1,-31000,-650,,,,,,,,,,,,,,,,
amethyst,5,,200,,,,,4,,1,,5,,,,1,,3,,15,1,1,-31000,-650,,,,,,,,,,,,,,,,
onyx,6,,200,,,,,5,,1,,6,,,,1,,3,,16,1,1,-31000,-1700,,,,,,,,,,,,,,,,
aquamarine,6,,200,,,,,5,,1,,,,,1,1,,3,,16,1,1,-31000,-1700,,,,,,,,,,,,,,,,
topaz,6,,200,,,,,5,,1,,,,,1,1,,3,,15,1,1,-31000,-1700,,,,,,,,,,,,,,,,
